3.0824 4.53223e-05
12.7715
12.3183
11.865
11.4118
10.9586
10.5054
10.0521
9.59893
9.1457
8.69248
8.23926
7.78603
7.33281
6.87959
6.42636
5.97314
7.89992
7.44669
6.99347
6.54025
6.08702
5.6338
5.18058
4.72736
4.27413
3.82091
3.36769
5.30446
4.85124
4.39802
3.94479
3.49157
3.03835
2.58512
2.1319
1.67868
3.60545
3.15223
2.69901
2.24579
1.79256
1.33934
1
1
1
1
1.45322
1
1
1
1
1
1.26612
1.71934
2.17256
1
1
1.14223
1.59545
2.04868
2.5019
2.95512
3.40835
3.86157
4.31479
4.76802
5.22124
5.67446
6.12769
6.58091
7.03413
7.48736
7.94058
8.3938
8.84702
9.30025
7.37347
7.82669
8.27992
8.73314
9.18636
9.63959
10.0928
10.546
8.60926
9.06248
9.5157
9.96893
10.4221
10.8754
8.9486
9.40182
9.85504
10.3083
10.7615
11.2147
11.6679
12.1212
10.1844
10.6376
11.0908
9.16405
9.61727
10.0705
10.5237
10.9769
11.4302
11.8834
12.3366
12.7898
13.2431
11.3163
9.3795
9.83273
10.286
10.7392
8.8124
9.26562
7.32884
7.78207
8.23529
8.68851
9.14174
7.21496
5.27818
5.7314
3.80463
4.25785
4.71107
5.1643
1
1.30074
1.75397
2.20719
1
1.65636
1.20314
1
1
1
1
1.06298
1.5162
1.96942
2.42264
2.87587
3.32909
1.40231
1.85554
1
2.00802
1.55479
1.10157
1
1
1
1.66868
1.21545
3.15223
2.69901
2.24579
1.79256
1.33934
1
1
1
1
1.45322
1
1
2.48355
2.03033
1.57711
1.12388
3.05066
2.59744
4.52421
4.07099
6.00777
5.55455
5.10132
4.6481
4.19488
3.74165
5.66843
5.21521
7.15198
6.69876
6.24554
5.79231
5.33909
4.88587
4.43264
3.97942
3.5262
5.45298
4.99975
4.54653
4.09331
6.02008
