3.23085 1.44043e-05
17.0428
17.1868
17.3309
17.4749
15.2289
12.993
13.137
13.2811
13.4251
13.5691
13.7132
13.8572
14.0013
11.7653
11.9094
12.0534
12.1974
9.95149
10.0955
7.85957
8.00362
5.75766
5.9017
6.04574
3.80979
3.95383
1.71787
1.86191
2.00596
2.15
2.29404
2.43809
1
1
1
1
1
1
1.05638
1.17957
1.03553
1
1
1
1
1
1
1
1
1
1
1
1.69702
1.55298
1.40894
1.26489
1.12085
1
1
1
2.92468
2.78064
2.6366
2.49255
2.34851
2.20447
2.06043
1.91638
1.77234
1.6283
1.48426
1.34021
1.19617
1.05213
3.29809
3.15404
3.01
2.86596
2.72191
2.57787
2.43383
2.28979
2.14574
2.0017
1.85766
1.71362
1.56957
1.42553
1.28149
1.13745
1
1
1
1
1
1
1
1
1
1
1
1.78894
1.64489
1.50085
1.35681
1.21277
1.06872
1
1
3.0166
2.87255
2.72851
2.58447
2.44043
2.29638
2.15234
2.0083
1.86426
1.72021
1.57617
1.43213
1.28809
1.14404
1
1
1
1
1
1
1
1
1
1
1
1
1
1
1.0166
1.16064
1.30468
1.44872
1.59277
1.73681
1
1
1
1
1
1
1
1
1
1.59277
1.44872
1.30468
1.16064
1.0166
1
1
1
1
1
1
1
1
1
1
1
1
1
1
1.14404
1.28809
1.43213
1.57617
1.72021
1.86426
2.0083
2.15234
2.29638
2.44043
2.58447
2.72851
2.87255
3.0166
3.16064
1
1.05872
1.20277
1.34681
1.49085
1.63489
1.77894
1.92298
2.06702
2.21106
1
1
1
1.98277
